1,1/clueweb12-0000tw-13-04988,276,35.04283093587046
2,1/clueweb12-0000tw-14-17002,104,17.029386365926403
3,1/clueweb12-0000tw-14-17002.txt,104,17.029386365926403
4,1/clueweb12-0000tw-32-07334,440,57.41080037762929
5,1/clueweb12-0000tw-32-07334.txt,440,57.41080037762929
6,1/clueweb12-0000tw-35-20780,483,38.06573262134856
7,1/clueweb12-0000tw-35-20780.txt,483,38.06573262134856
8,1/clueweb12-0000tw-40-10838,1604,120.86355943790502
9,1/clueweb12-0000tw-40-10838.txt,1604,120.86355943790502
10,1/clueweb12-0000tw-44-14021,1548,80.99382692526635
11,1/clueweb12-0000tw-44-14021.txt,1548,80.99382692526635
12,1/clueweb12-0000wb-00-32717,1580,154.88059917239474
13,1/clueweb12-0000wb-00-32717.txt,1580,154.88059917239474
14,1/clueweb12-0000wb-01-19883,251,37.322915213043046
15,1/clueweb12-0000wb-01-19883.txt,251,37.322915213043046
18,1/clueweb12-0000wb-11-24195,171,19.924858845171276
19,1/clueweb12-0000wb-11-24195.txt,171,19.924858845171276
20,1/clueweb12-0000wb-11-25079,76,15.231546211727817
21,1/clueweb12-0000wb-11-25079.txt,76,15.231546211727817
22,1/clueweb12-0000wb-14-00860,1840,756.4601774052617
23,1/clueweb12-0000wb-14-00860.txt,1840,756.4601774052617
24,1/clueweb12-0000wb-16-29788,521,65.93178292750773
25,1/clueweb12-0000wb-16-29788.txt,521,65.93178292750773
26,1/clueweb12-0000wb-17-09638,3748,269.2990902324031
27,1/clueweb12-0000wb-17-09638.txt,3748,269.2990902324031
28,1/clueweb12-0000wb-22-00223,690,50.85272854036448
29,1/clueweb12-0000wb-22-00223.txt,690,50.85272854036448
30,1/clueweb12-0000wb-27-14207,1735,713.5495778150247
31,2/clueweb12-0404wb-51-04306,585,60.67124524847005
32,2/clueweb12-0404wb-62-20172,276,29.49576240750525
33,2/clueweb12-0404wb-70-16814,1009,111.73629669896886
34,2/clueweb12-0404wb-81-34594,330,48.82622246293481
35,2/clueweb12-0404wb-83-26707,961,131.71560272040668
36,2/clueweb12-0404wb-96-09863,954,251.16130275183716
37,2/clueweb12-0404wb-96-09874,835,234.2071732462522
38,2/clueweb12-0405wb-23-16415,697,58.26662852782886
39,2/clueweb12-0405wb-40-20452,2874,989.630233976307
40,2/clueweb12-0405wb-50-23725,1038,62.52999280345393
41,2/clueweb12-0405wb-54-18648,1303,117.36694594305503
42,2/clueweb12-0405wb-54-18649,1650,150.11995203836165
43,2/clueweb12-0405wb-59-02836,1544,116.76472069936193
44,2/clueweb12-0405wb-70-11124,595,61.506097258727124
45,2/clueweb12-0405wb-73-02913,444,50.11985634456667
46,2/clueweb12-0405wb-73-02915,1742,155.83324420674813
47,2/clueweb12-0405wb-76-30090,6998,420.3165473782825
48,2/clueweb12-0405wb-80-32857,1637,162.55153029116644
49,2/clueweb12-0405wb-80-32859,2004,165.3602128687551
50,2/clueweb12-0405wb-81-18234,393,65.39877674696982
51,2/clueweb12-0405wb-82-38136,312,35.52463933666322
52,2/clueweb12-0405wb-86-17004,713,256.3337667963392
53,2/clueweb12-0405wb-86-17005,713,256.3337667963392
54,2/clueweb12-0405wb-86-17006,712,256.3318162070405
55,2/clueweb12-0405wb-89-04395,125,18.681541692269406
56,2/clueweb12-0405wb-95-08167,313,57.087651904768336
57,2/clueweb12-0405wb-96-24661,1587,146.66628787829873
58,2/clueweb12-0405wb-98-20038,424,36.193922141707716
59,2/clueweb12-0406wb-00-14540,1610,142.22517358048822
60,2/clueweb12-0406wb-00-23560,185,58.38664230798
61,3/clueweb12-1111wb-06-20659,6911,3298.198144441901
62,3/clueweb12-1111wb-42-16685,416,43.497126341863094
63,3/clueweb12-1111wb-49-35081,7004,3554.955414628994
64,3/clueweb12-1111wb-53-13591,188,22.538855339169288
65,3/clueweb12-1111wb-57-39367,1059,110.21342930877344
66,3/clueweb12-1111wb-59-15334,224,24.779023386727733
67,3/clueweb12-1111wb-61-25620,170,21.2602916254693
68,3/clueweb12-1111wb-64-07274,270,23.748684174075834
69,3/clueweb12-1112wb-14-23396,708,50.11985634456667
70,3/clueweb12-1112wb-22-06680,848,134.9147879218583
71,3/clueweb12-1112wb-71-02492,971,139.12224840046252
72,3/clueweb12-1113wb-06-18527,259,32.07802986469088
73,3/clueweb12-1113wb-64-04980,371,39.66106403010388
74,3/clueweb12-1113wb-72-20121,744,63.182275995725256
75,3/clueweb12-1114wb-72-16114,708,50.11985634456667
76,3/clueweb12-1115wb-16-06739,2610,251.42792207708357
77,3/clueweb12-1115wb-60-01841,366,59.12698199637793
78,3/clueweb12-1115wb-62-18179,1332,99.13626985114983
79,3/clueweb12-1115wb-74-01063,487,87.73254812211943
80,3/clueweb12-1115wb-75-16507,304,25.45584412271571
81,3/clueweb12-1116wb-12-30914,347,29.949958263743873
82,3/clueweb12-1116wb-17-01488,1157,116.88883607941351
83,3/clueweb12-1116wb-18-41176,3090,1351.8579807065535
84,3/clueweb12-1116wb-23-09751,4716,2084.1175590642674
85,3/clueweb12-1116wb-33-26363,549,73.40980860893181
86,3/clueweb12-1116wb-59-18964,215,24.839484696748443
87,3/clueweb12-1116wb-59-24329,571,74.67931440499437
88,3/clueweb12-1116wb-73-22091,142,20.688160865577203
89,3/clueweb12-1117wb-13-14507,609,48.13522618623496
